9.628403111215488863e-03 8.173118394394237804e-03 -1.459122963645709259e-02
9.628403030179187930e-03 8.173118261462990197e-03 -1.459122946182082360e-02
-3.440698654715973557e-03 -1.111163438241122292e-02 6.613010735966010252e-03
3.518776653170101274e-03 -1.181551963235831677e-03 -4.097787647217971362e-03
-4.567635533083397423e-04 -6.951850224221726125e-03 1.957189208562948399e-03
1.466601427376262954e-03 -4.183173838210813358e-03 -9.666811853249551939e-04
1.466601362939046324e-03 -4.183173741856891122e-03 -9.666811716858237031e-04
-1.075350553602849634e-03 -4.152663468002748765e-04 -4.483541619917902452e-04
-1.075350507487167614e-03 -4.152663303098380935e-04 -4.483541424276149870e-04
1.780926898509172175e-07 -3.228231956797084079e-05 4.438595784612975834e-06
1.781145469892386863e-07 -3.228144067252691627e-05 4.438293009897953898e-06
9.333814848314081480e-07 -1.991822169981894129e-06 -5.998648020581753837e-06
9.333614145845548362e-07 -1.991822932938258713e-06 -5.998649815670831898e-06
-4.679450199204793215e-07 -2.045093958756571961e-06 -6.123987125343510751e-06
